code,system
7Q04100,readv2
F152000,readv2